0.15531 -0.29557 -28.40798
0.59784 -0.63782 -35.51030
-0.49724 0.70960 -15.33553
1.33533 -1.51258 -8.93910
-0.69178 -0.08653 24.92284
0.03428 -0.53926 -29.23273
-0.71310 1.04925 32.30791
-0.42192 -0.54828 -32.95893
-0.56234 0.87085 7.86295
-0.38188 2.34889 29.43213
0.01859 0.98370 -28.09132
-0.60265 0.11380 -3.72876
-0.21635 0.58884 21.01044
0.79572 0.24827 1.68548
0.84652 1.26128 2.44140
-0.24065 0.69894 -27.74027
0.86667 -0.98866 -21.80169
0.01793 2.07183 3.60667
0.71695 0.61195 15.28301
0.43147 0.86256 41.22681
0.87155 1.42902 1.58980
0.11730 -0.66634 5.88535
0.55322 -0.00333 16.41582
0.02170 -2.27216 -5.99843
-0.57564 -0.29164 -10.42649
-0.45116 0.74330 -5.66677
-1.12049 1.00993 30.23909
0.01266 1.43029 44.55499
-0.86641 -1.88144 8.70975
-0.53826 -0.39821 23.86533
0.06466 -2.49815 -55.74946
0.90498 -0.59901 -5.20408
1.50847 0.78500 -35.20988
1.48183 0.25614 -17.44593
-1.88705 -0.29558 -25.56694
-0.02846 -0.53418 -58.30126
-1.27616 -0.73789 -28.71557
-0.26736 -0.21491 2.71665
-0.37666 0.35209 -25.11727
0.22285 -0.66196 -30.07586
-0.97559 0.45244 -0.07436
-0.67948 -1.46178 0.35742
1.03303 -0.86463 -10.56784
1.12971 -1.07739 -19.30071
-0.44959 -0.37248 -41.69692
-0.47341 -0.24481 8.47781
-0.24057 0.42934 -14.04710
2.33124 -1.16887 -30.76128
0.99378 -0.21573 14.84475
-0.29749 -0.70186 0.46518
1.51789 -0.71489 45.45935
2.37234 -0.44798 23.58719
0.23734 -0.80203 -5.76813
-0.29225 1.27769 19.41644
0.18884 -0.42357 17.18188
-0.06342 -0.32252 -7.25236
-0.03220 0.48348 4.78626
0.52781 -0.82319 10.80717
0.97743 2.15090 28.85030
-0.57849 0.84522 5.42019
0.29115 -0.60568 12.49127
-1.58987 0.27130 14.72511
0.12291 0.13097 18.50211
0.98193 -0.32750 -58.30330
-1.60616 -1.40115 -31.53711
-0.38621 -1.34142 -7.26580
-0.44651 1.59709 65.73336
-0.85244 0.90702 -13.66081
-0.78350 -0.64791 -21.47686
-0.22623 0.81761 -13.75216
1.40041 -2.14055 -15.96889
-1.65326 0.08080 -29.77761
-0.50220 -0.47601 -7.43485
0.46707 0.19632 -30.19096
-0.87633 1.31972 7.60478
0.30081 -2.14292 -50.85670
-1.72415 -0.88525 13.11766
0.74233 2.40527 35.58542
-1.38087 0.92460 15.46959
0.48567 -0.22120 11.24051
-0.07699 -0.40941 -2.85920
0.88362 0.08658 -24.88593
-0.30081 0.18485 -22.95500
-0.97716 0.09049 8.65239
1.22486 0.91674 8.81723
-1.49209 0.56006 -0.01453
0.42782 -0.90704 1.50749
-0.43290 0.39490 -6.54293
-1.18073 1.14309 -1.86012
-0.91473 1.16593 28.29959
-1.42362 -0.51929 -44.89658
0.28364 -0.22189 -5.18424
0.02401 0.36196 -25.92774
0.90041 0.27264 8.63203
-0.15770 1.45127 38.58920
-0.23620 -1.07003 0.02507
-2.11246 -0.07173 22.87603
1.47390 -0.21495 -6.13266
0.78283 -1.15359 -19.71271
-0.37648 -0.88578 -27.66709
-0.10375 0.06004 -16.93938
1.26531 0.59786 30.69496
-0.86049 -0.93931 -20.04937
2.17050 0.38877 -22.84286
-0.46729 0.73965 27.66783
-0.92813 -0.64393 31.95151
1.20696 0.24412 22.65815
0.16354 0.15696 13.00957
0.30021 -1.48916 7.42735
-0.67147 -1.57440 -0.42200
0.96628 1.34603 4.02160
0.97053 -2.02808 -41.38668
-0.53914 2.04927 21.23593
-0.32372 -1.46948 -29.85058
0.45327 -0.77061 2.88607
-0.93807 -1.19461 6.80799
-0.78802 1.33260 -0.73808
-1.23714 -0.98202 -65.23378
-1.60752 -0.82058 -24.68792
0.73885 -0.19467 24.37361
-1.14021 0.67501 27.03387
-0.03044 0.25496 10.10829
0.00495 0.30264 5.12407
-0.30480 0.51305 -1.83468
1.25297 0.04503 0.73817
1.05241 1.43699 -18.14332
-0.24824 -1.15807 -28.05061
-0.31147 1.32771 37.04213
0.24554 0.84243 -9.71082
1.40231 -0.52282 0.51432
-0.66185 0.99062 43.70294
0.03939 1.61536 17.86219
-1.10820 -0.13298 30.37789
0.09150 0.55368 -1.01600
-1.32586 -0.06447 22.52513
0.18620 -0.04235 3.44893
-0.25498 0.94685 47.40857
1.56114 -0.01706 36.88533
0.64395 -0.45001 -46.94660
0.29384 -0.07837 -4.05708
1.98465 0.26686 32.85118
1.20825 -1.46054 -17.20402
0.30158 0.79377 7.29528
0.71599 0.17624 6.52751
-0.37583 -1.52260 -22.68602
0.76463 0.68460 2.53612
0.89480 1.60472 36.44348
-0.95174 -0.86946 -27.70716
-0.77919 -0.37648 12.07024
0.31761 -0.89089 -10.18178
0.97548 -0.11810 12.15067
0.37622 0.59654 -14.85558
-0.25190 2.14718 18.18454
0.30369 0.50559 -8.44062
0.70741 -1.69552 -41.63089
-0.09169 2.07716 55.58733
-0.61745 0.30559 -31.51323
0.07838 -3.37844 -43.39663
-0.59104 0.67085 3.97217
-1.48048 -2.18304 -13.55419
1.17601 1.05742 -8.31495
1.19026 -0.75334 -8.92903
1.07471 -0.54270 1.41342
2.36151 -0.49595 38.83241
0.65897 0.53995 29.98778
-1.03666 0.32484 5.96472
-0.71777 -0.12183 21.00546
-0.12100 -1.72473 -9.09569
1.91052 1.25547 30.88027
-1.41344 -0.00141 -37.09061
-0.05347 -0.92154 -16.11516
-0.08795 -0.47123 -26.37253
0.30839 0.09989 13.70754
0.96150 -2.05076 -44.42991
-1.05631 1.25864 16.84050
0.11023 0.51515 -15.73801
0.54002 -0.58505 -39.10615
0.85318 0.03287 -1.15988
-1.24230 -0.06559 21.80957
-0.93741 -0.12346 -0.73521
-0.60464 0.95148 -18.20179
-0.35029 -2.45974 -38.28163
-2.03741 0.36101 -30.96102
0.02684 0.47908 22.28981
-1.34687 0.01054 -0.27042
-2.20016 1.02414 14.71167
-1.28709 0.92749 22.61201
1.61965 -0.56545 -2.01680
-0.33001 -0.58075 -11.65359
-0.70529 -0.27315 -5.52449
0.03531 -0.71607 -16.25127
1.56918 -0.72064 2.64320
0.46130 -0.53510 -0.05450
-0.63908 -0.44073 -40.17900
0.10371 0.53483 -3.99043
-0.71156 1.24446 43.66532
0.86357 0.27080 11.41038
0.06499 0.26610 -25.57586
-1.68335 0.23687 39.96598
0.10327 -0.99914 3.63560
-0.30129 0.30851 -1.83417
2.27514 1.13691 20.92070
1.35408 0.54847 -19.01599
-0.74900 0.28634 8.47057
0.08110 1.07251 28.96836
0.62204 -0.51675 -8.17543
0.52043 -0.99129 6.70394
-0.44616 0.49640 15.44479
1.27066 0.36848 5.23789
0.04262 -1.22849 -15.92337
-0.28655 0.25270 -3.63022
-0.88102 -1.48011 31.13640
-0.80426 0.49209 -45.44742
-3.30844 -1.30829 6.12249
-0.82377 0.37819 43.67086
0.22019 0.59034 -13.71604
0.14119 1.29130 17.51241
-0.47439 -0.19595 -12.78288
0.33173 0.15333 22.54943
0.51077 0.46096 17.51010
-1.39591 0.17387 -12.98112
0.22792 -0.35579 -16.02306
-0.09293 -1.58523 24.26288
-0.43615 0.78108 19.91785
-0.25837 -0.10653 -23.56945
1.39311 -0.97271 -6.10572
0.29425 -0.56831 25.10850
0.85849 -0.84522 -10.31869
-0.45230 -1.26467 11.19224
1.04296 -1.52839 -33.28837
-0.19559 0.14588 -17.11564
0.83852 0.75548 1.28877
0.25858 -0.80440 -9.76105
1.15662 1.37381 54.23369
0.42211 0.13834 10.26314
-0.18682 0.36972 -9.40097
1.53333 -0.23818 -27.53952
-1.67755 1.68442 23.93212
-1.09945 -0.85912 -5.28619
0.83122 0.99734 30.87677
-0.28617 -0.31974 -1.73474
-1.71182 -1.32334 -28.11863
0.27445 0.58727 17.44190
-0.23944 -0.28406 -8.63408
0.36961 0.79851 23.02512
-0.36443 0.19301 25.02727
-1.23995 0.58653 39.40723
0.30796 -0.07735 11.18952
0.39710 1.56523 6.04519
-0.93774 -0.49643 11.08549
0.62810 -0.41461 -41.32885
-1.07966 0.55355 17.08529
-1.64221 -0.75898 -17.76704
0.78097 -0.89402 -12.22789
-0.11978 2.28141 12.33686
1.62982 -0.10478 -17.73010
0.52887 0.36992 -21.15765
1.91575 -0.28247 26.42457
0.44431 -0.83050 -5.79192
1.39691 -0.65664 6.08637
-0.67421 -0.58825 -33.14439
0.18691 -0.72391 -33.53305
1.04069 2.26974 18.96610
1.04860 -0.32732 -33.70562
0.84125 -0.13165 -22.33110
1.41736 0.96443 12.69346
0.84048 0.97877 20.21350
-0.08235 0.05536 17.22975
-0.91149 -0.36851 -44.35267
0.14278 1.86841 59.10398
0.22205 -0.17509 13.71253
0.25011 1.35922 12.13162
0.58219 0.82747 0.63436
-0.39568 -0.87411 -36.17429
-0.92497 -0.52924 10.38486
-1.28598 1.16553 8.77699
0.85034 -1.80820 -11.43428
-1.75927 -1.29320 12.91193
-0.17029 -0.30829 6.37316
1.97191 -0.74390 -24.01566
-1.07353 -1.30179 -5.90984
0.63067 -0.28763 24.65730
-0.31234 0.56592 24.25220
0.72899 2.66900 25.89741
0.78324 0.91206 15.73986
1.25663 0.30533 15.91265
0.04769 0.69833 15.17814
0.47910 0.77097 41.15165
1.62042 -0.28198 49.53177
0.27792 1.31930 45.19692
0.37239 -1.23692 -38.38705
0.32256 0.66186 -8.44891
1.00938 -1.18837 -13.52145
0.46170 0.53102 -10.80235
0.86500 0.96404 -1.69172
-0.41575 0.83316 5.63849
1.49112 -0.47670 -7.62475
1.02957 0.83131 0.97432
-0.27469 1.85264 45.27305
0.76249 -0.52983 -18.94514
0.30247 -1.82758 -5.48581
-0.43795 -0.74438 -38.93450
0.67566 0.40957 -40.77804
0.58748 0.14905 20.53290
2.50863 0.70104 6.04062
-0.63755 0.00781 -13.64797
-0.48791 0.12287 -0.70425
0.21032 -1.38357 -18.05386
0.10515 0.18060 36.17939
-0.93418 2.87475 53.69038
1.63266 1.53722 27.29773
-1.05589 -1.29513 -25.64281
-1.25587 0.50820 -15.43228
2.18691 -0.54049 -32.69448
-1.15326 0.54990 30.73984
1.21158 -0.85682 -17.87726
0.92590 -0.14304 -32.02734
-0.30675 -0.81790 8.54687
0.97713 1.18592 40.19336
-1.35523 -0.38526 11.03561
-0.08120 -0.43400 -11.34156
0.81942 0.45216 30.88530
0.64785 -0.27221 -12.74175
-0.45890 1.20637 -12.69701
0.98785 -0.39609 1.23419
-0.30727 -0.35126 -18.05369
-0.24999 -0.01170 -0.30386
-0.81537 0.24756 54.34784
-0.10390 0.49901 16.59868
0.25627 -0.27395 11.02244
0.66159 -0.06876 29.96399
-2.14129 -0.11686 -16.36741
0.74114 -2.37564 -35.29781
-0.70239 -1.18231 -12.15089
0.10591 1.04528 30.06245
0.46071 -2.28980 -24.10145
0.48003 -0.74115 -29.48229
0.15642 -0.31864 1.28573
1.07182 0.98440 3.42033
1.04906 0.20600 15.44137
-0.05190 0.37678 -20.33887
2.13348 -0.45438 5.91600
1.41061 -0.04643 14.22996
0.09881 0.64932 41.69903
-1.66679 -0.08185 0.72267
1.91376 1.36266 33.05495
0.31610 -0.70412 9.21985
1.05872 0.32650 16.50000
0.70729 0.38652 -3.02881
0.87998 -0.19523 10.42281
1.38694 0.41143 15.68534
-0.78537 -0.10306 0.88701
0.13535 -0.34063 -4.48775
-1.43931 0.39031 -3.71257
0.46212 1.17017 17.69968
-0.75099 -0.93440 13.99059
0.62557 1.11945 8.72451
-0.86254 -1.29386 32.88265
1.65498 0.21851 -9.24989
0.44033 -0.49433 -0.01098
0.11982 -0.57187 34.00650
-1.24929 -1.49893 4.65475
1.23118 0.86712 13.48027
0.68573 -0.24228 3.27782
0.21813 0.36208 -17.24742
-0.88940 -0.45757 -23.09508
-0.69331 0.75563 -5.07916
-1.02791 1.34092 -12.80350
0.59165 2.87960 36.20214
-0.47960 0.33863 21.85996
0.97555 0.30335 -12.86507
0.02697 1.16776 -16.84384
-0.27456 0.32405 18.05494
-1.09307 -0.78851 10.38860
-0.80970 1.94765 19.11766
-1.48594 -1.75138 -48.77343
1.05383 -1.77872 -24.68866
0.01085 -0.47608 7.77438
0.53233 -1.61442 -9.02930
-1.31611 -1.53295 -20.23552
0.44842 -0.06807 -2.68731
-0.85555 -1.21153 -5.66014
0.08306 -0.21914 12.11803
0.21111 -0.53151 -25.26847
-1.18334 0.37026 5.61406
-0.11441 -0.40027 16.72168
-0.70560 1.02705 34.74307
-0.86142 0.54331 -1.27531
-0.61803 1.49403 33.42638
-0.85865 -2.23210 -11.99088
-0.37545 0.23407 -34.18958
-0.49851 0.01902 -17.16327
-1.15066 1.19666 36.04469
0.07295 -0.38130 20.00855
-1.32694 -0.57863 -34.87923
-0.50742 -0.97246 -6.85158
-0.84675 0.39861 -33.20677
-0.60580 -0.56344 -13.56039
-0.02841 1.75817 9.50682
-0.40593 1.47775 16.11945
-1.28118 0.10467 -21.70412
-0.28462 -1.29022 -41.84069
-0.87361 -0.23426 9.98521
1.10294 -0.26007 8.35531
-2.16900 -1.38195 -2.78392
-1.81370 0.09036 -9.30968
-0.11647 -0.51171 -1.18861
0.12247 -0.21572 11.56052
-1.17629 -0.56748 17.33623
0.67230 0.28389 7.94735
-0.32166 0.68570 -4.81499
-0.49778 -0.58706 -6.46496
-1.94896 0.18495 -8.06575
0.62815 -0.88721 40.91458
0.20096 -1.68636 4.26320
0.50806 -0.49633 -32.52710
-3.06675 0.71234 6.89836
-0.47720 0.57400 0.83265
0.87661 0.71384 18.92710
1.21875 1.26237 48.32941
0.77598 -0.47777 29.12089
-0.25123 -1.04454 6.46803
1.18096 1.24310 47.22792
-1.19386 -0.10344 13.47810
0.43326 0.32061 -23.44063
-0.22829 1.56593 28.28840
-0.57053 -1.73890 -8.59305
0.05299 -1.13409 -3.52812
-0.20340 0.78900 34.98233
-1.52962 -0.42162 9.58406
-0.45855 -1.66854 5.15671
1.07187 0.34445 16.20319
1.12700 -0.36539 5.45009
-0.48718 -0.91607 -9.46676
1.92347 -0.41448 24.17429
-0.67897 -0.00118 -33.19988
0.43247 -0.58768 -14.72565
1.12120 -0.21590 11.30941
0.59248 -0.11525 48.67409
1.48088 0.24864 22.19951
2.17691 0.22359 -7.68469
2.03437 1.26027 34.01342
0.44809 0.51542 20.00387
0.06772 0.81508 41.10474
-1.14439 -0.63882 -55.32534
0.78124 0.56368 25.19457
2.05359 0.40556 11.21623
-0.21700 0.69548 -26.63681
0.09309 -0.13913 2.81946
2.21195 0.24096 -10.98900
-1.33499 -0.66629 -55.26420
-1.20651 0.98225 19.13272
-0.28604 0.01855 -29.25739
0.83420 -0.44328 -28.96727
-0.54655 -0.05661 11.51575
-0.59797 -0.07997 -30.82790
-1.18354 -1.17786 -0.37509
-0.11773 1.41424 12.45494
0.27980 -0.14970 -1.36662
0.85832 -1.27252 8.24941
0.03476 1.86001 41.28993
0.90031 -0.11301 4.02106
-0.59438 -0.85759 -34.21628
-0.12573 -0.26795 -28.82790
-0.58807 0.16338 40.41051
-0.31758 1.46286 4.55984
-1.25762 -0.09717 0.65337
0.22841 -0.31659 8.96477
-1.03401 -0.00948 -7.76688
-0.69547 0.22559 25.75910
-0.81165 0.10543 26.61283
0.84494 0.69148 -17.20951
0.63085 -0.11455 -3.57033
0.39542 -0.17664 -31.33329
-0.63428 -0.35383 -9.48355
-0.57242 -0.26062 16.91578
-0.44018 -0.26584 27.26140
1.09138 -1.12304 -34.54327
0.66256 1.25679 39.69521
-0.20731 -0.87070 11.83218
-0.46879 1.54300 -0.12525
-0.74271 1.54225 33.69877
-0.07505 0.98818 -12.66878
-0.55559 0.23698 9.35092
0.69578 -1.36582 -10.22853
-0.42758 1.24146 -14.10104
-0.65052 0.20255 16.99988
1.67593 0.10839 -41.06130
0.94123 -0.81901 -28.84405
0.94940 0.89538 18.58046
-0.08213 0.05835 5.31425
-0.63253 0.82072 12.18440
0.64037 -0.05588 -34.94930
-0.63065 -0.50553 -0.50891
-0.92494 1.20067 30.00713
-0.69580 -0.37572 16.79547
0.90278 0.10010 11.55688
0.48421 -1.95430 -36.59019
-0.72881 -0.20133 -19.30430
1.79864 0.29396 1.34793
-1.53199 -0.76643 -11.69400
0.09199 0.97392 36.46912
-0.73887 -1.42217 -3.46840
0.65213 -1.50277 -7.61478
0.66139 0.50357 -3.03013
0.25299 0.35545 8.54231
0.19212 0.24467 -23.30250
1.14329 0.10040 -2.45640
-1.84364 1.49528 5.18654
1.36116 0.64133 2.30344
-0.66684 0.56366 9.96499
0.61810 -0.31501 5.48971
-0.43042 0.54652 -17.22272
1.60543 1.38829 -7.61449
-1.32308 0.83757 -13.81036
-0.68761 -1.05636 30.02926
-1.53394 1.34214 40.53871
0.34033 0.74419 30.05520
-0.91028 -1.56132 -12.17911
-0.30129 -0.14746 -24.72403
-0.41407 0.65457 20.52219
0.86228 -1.87368 7.76649
-0.76682 -0.66186 7.48426
-0.14382 -0.26129 -31.85723
0.96323 -0.74910 -5.22260
-1.60572 -1.10546 18.12267
-0.98330 -1.17620 -16.95672
2.04549 1.57535 15.34358
0.21923 -0.44258 -14.56305
-1.21693 1.43252 29.95347
2.98838 -0.10020 -37.05483
0.43577 -0.58028 21.04018
0.98798 1.18311 -6.81620
-1.53981 1.26737 11.26306
-1.16140 -1.78498 -27.98722
1.52002 0.68258 28.39071
1.80401 1.15552 27.81759
0.39248 -0.65323 -8.38726
-0.35149 0.15877 -21.09255
0.68223 -0.07105 -3.89569
-0.56060 1.19147 18.17567
-1.19816 0.36212 18.67478
-0.90402 0.89196 19.15676
-0.37471 0.95584 27.09028
0.64693 0.52326 19.39944
-0.74766 -0.68992 24.35477
0.82276 -0.84061 2.14614
-0.81399 0.20872 21.02919
0.20590 -0.84640 4.28660
1.07456 -1.90296 -10.28387
0.75766 0.30751 23.18250
0.00305 -1.52774 -35.88178
0.52668 -0.36872 -22.02680
-0.40862 -1.49136 16.37092
-1.33185 1.92443 20.39808
1.74587 0.43044 5.65802
-1.36651 -0.15107 -30.79988
-0.45441 1.17056 14.67831
0.02318 -1.57684 -20.60360
-0.38401 -2.08811 -37.94549
-1.40839 1.77176 30.54540
-0.19832 -1.08624 -21.63702
-0.71885 0.87284 2.64037
1.97824 1.37494 42.62895
-0.57703 -1.64770 -10.87581
0.09335 -0.32250 -23.85740
0.51266 -0.15586 22.85163
0.71391 -2.13860 -9.64377
-1.67322 -0.53761 3.96298
0.32069 0.51387 -7.33896
0.58408 -0.14059 -17.24184
-0.54823 -0.47071 -4.81054
1.72576 0.10821 -25.84462
0.61084 -0.35013 -8.68716
0.07429 1.09833 2.65049
-1.11026 1.71394 14.29920
-0.82259 0.53071 7.72057
-0.50514 -0.93618 -13.30130
0.39054 -0.36361 24.03931
-1.19013 -1.76888 -44.95862
-1.15504 -1.24858 -31.82480
1.31347 1.28582 27.46136
0.25531 1.37258 22.23634
1.05849 -0.93719 -12.49350
-0.48887 -0.92367 18.51868
-0.44982 0.65242 -14.79763
1.29649 0.73323 24.27948
0.34840 1.26599 -21.51075
-0.31661 -1.82443 -17.80193
2.22570 -0.33856 14.18930
-0.16475 -1.09780 -40.46709
0.70310 1.05154 -21.99699
-0.95628 -0.14051 3.63874
1.01930 1.24135 -5.40855
0.82883 0.46115 -14.19327
0.99779 -1.39665 17.26750
0.47603 -0.76993 3.53367
-0.39516 0.11507 -14.39325
0.19890 0.13841 42.74327
1.18396 -2.12127 -45.40198
-1.31029 0.54718 18.09214
-0.78591 0.80499 9.45562
-0.66867 -0.23312 -13.69429
2.25552 0.87906 1.93671
-0.38351 -2.27930 -28.18016
-1.38557 0.27114 24.08224
-0.57812 0.40392 -21.48997
-1.38383 -0.18168 8.67224
-0.87626 0.29642 22.89364
-0.65364 -0.77644 -17.77276
-1.08256 -1.59523 -30.51890
-0.76161 0.40253 10.14843
1.29435 0.09213 -5.61498
-0.91902 1.40047 31.49641
0.29108 1.29081 -13.65912
-1.44987 -0.87886 8.83155
0.97221 1.12190 34.64337
2.37103 -0.27441 23.04308
0.61913 0.30690 4.02565
-0.27366 -0.89930 28.47859
0.43578 0.65053 36.13966
0.32213 0.94914 20.33181
0.43081 -1.05770 -41.74826
-0.33931 0.33695 0.33694
-1.69849 1.00856 21.63683
1.27748 -1.12611 -20.82433
2.26421 1.10561 35.02615
0.47097 0.43497 -14.34888
-0.69449 -0.51820 -50.16789
0.59406 -0.22811 -33.11154
0.99380 1.26839 41.74576
-0.48524 1.80468 8.52449
1.06862 -0.33782 8.16414
0.20666 -0.97674 -27.99719
0.26138 -0.68863 -36.35934
-2.13844 1.53862 32.80226
0.34032 -2.28692 -48.14242
0.63228 1.35666 15.59366
1.16719 -1.33266 -20.91535
-1.69113 0.83881 9.20164
-0.56897 -1.56794 -15.39262
0.32701 0.32614 32.16210
1.57132 0.01365 -16.81303
-1.37577 -0.01298 -11.58215
0.55118 -2.02913 -51.92442
1.49315 -1.47395 13.22167
1.21953 -0.15046 -18.78888
-1.54355 -0.23812 2.61651
0.85877 0.29795 9.36859
-0.98820 -0.44763 -21.33721
1.46617 -1.33218 -28.58463
-0.22114 0.13621 22.75712
0.44115 0.11472 -8.81949
1.39364 -0.14629 51.26283
0.52052 -0.24022 -9.07855
0.93944 0.94172 26.35575
-0.00780 -0.41187 -19.48511
-1.29531 0.02116 7.06176
0.59660 0.48295 -15.29116
-0.25665 -0.38947 -4.01383
2.29333 1.24255 19.79259
0.27775 -0.31005 -28.08842
-0.24646 -0.47455 21.63373
-0.82970 0.45579 -17.28322
1.19075 0.29758 24.68999
-1.48475 0.28913 16.22501
0.28400 -0.29184 14.02866
2.27313 1.05192 29.85940
-0.95391 -1.38370 -13.46523
0.22388 0.09793 21.01780
-0.51543 1.02013 1.55225
-1.91012 0.52872 -17.76329
0.73861 -0.69001 8.33878
-0.10463 -1.84512 -24.28320
0.31882 -1.12575 -18.11143
1.32475 0.27944 -6.96765
-0.06921 0.03451 23.82922
0.35377 -1.27459 19.16578
-1.49828 -0.93817 27.83540
-0.45526 -0.93115 -33.16586
-1.56119 -0.62543 19.15240
-1.28875 -0.07723 5.30494
-2.03665 -0.53481 0.11830
-0.77790 -1.02385 -4.08955
-1.29325 0.77306 4.48874
0.57344 1.31445 -1.44552
0.55612 0.07027 47.32243
1.13724 -0.99387 11.44635
-0.47885 -0.76702 5.10471
0.16213 0.38310 8.76241
-0.94853 -0.80196 7.77124
-0.42923 1.17211 0.01844
1.75782 -0.56976 -12.71274
1.00430 1.76847 37.96552
0.38141 0.84590 13.34117
-0.34906 -0.07378 19.59743
1.06118 2.12111 16.80033
-0.46513 -1.36163 24.80165
0.37058 0.09300 12.22457
0.41101 -1.70788 -10.99923
0.71485 1.10095 -8.77932
-2.17263 0.33577 -20.90690
-1.05124 1.25356 15.29470
0.28624 0.55032 -10.77175
0.15295 -0.07187 -15.67301
1.48077 -1.90853 13.24239
-0.51605 0.33505 -18.26645
1.78088 -0.33913 -2.26002
-0.34793 -0.72172 -30.08872
0.30430 -1.07418 -38.86745
0.34849 -0.52940 17.19946
0.44180 -0.01947 15.36682
-1.03005 -0.26487 -24.01439
1.14557 -0.02618 -0.12145
0.32573 1.45852 73.15681
0.87078 -1.27611 -31.60478
1.22637 1.48914 40.10603
-1.05934 0.03986 -36.60694
1.09087 -1.10336 -2.41155
-0.94167 1.16245 -9.07773
-0.24881 -0.93296 -53.40250
0.47093 -0.52278 -28.91672
-0.44790 -0.62029 33.40364
1.70540 -0.53749 11.65552
0.31109 -2.30264 -14.69320
-0.80147 -0.12971 -34.70760
-0.76074 0.09892 13.61231
-0.68536 0.17094 28.03399
-0.18312 2.57075 12.89772
-1.53179 -0.41194 -35.51888
0.51089 -1.04070 -59.01890
1.05314 2.00164 21.15334
-0.98513 1.48717 22.10689
-0.17438 0.17028 2.56826
-0.07895 -0.14015 -23.67686
-1.01459 -0.96780 -25.08217
-1.18870 -1.56507 -46.15874
1.23991 0.31514 -0.63245
-0.94438 1.33157 27.19323
1.74829 -0.52532 20.05513
0.96432 0.62870 19.74540
0.17633 -1.28366 2.55737
0.53023 0.03264 59.69106
0.43710 -0.14946 12.74440
-1.35965 -0.51656 1.78400
-0.06953 1.55555 15.52418
-0.59805 0.89216 37.13197
1.53485 -0.89955 -5.72147
0.43138 0.55840 18.41981
-1.20826 0.69941 -28.41831
-1.37960 -0.13641 -13.99963
-0.48781 0.04006 -22.08946
-0.90327 -0.54574 -18.56309
-0.72288 -1.67358 -23.48970
0.16044 -0.60223 -23.04119
-0.85395 2.27137 37.19331
1.46973 -0.24526 10.34149
-0.47636 0.18398 -3.63587
-0.24880 0.81588 12.83438
-0.96055 -0.71945 17.59468
0.47978 1.19302 -12.44216
-1.77289 -2.55100 -38.18821
-0.18888 -1.76996 -7.54271
-0.57799 -1.77559 -42.61639
0.06691 0.53240 -11.11130
0.27115 1.07447 34.03029
-0.25632 -1.14836 -39.17634
-1.41173 -0.47064 -23.85516
-1.52136 0.21526 -24.35834
-1.51532 1.61576 19.34778
-1.00194 1.31841 -10.01355
0.10693 1.20419 -31.24945
-0.53817 0.33160 35.70100
-1.50098 -0.37029 2.65347
-0.17043 -1.15341 -14.59794
0.43318 -0.45977 -20.48557
-0.10479 0.18866 -3.99433
1.94547 0.21323 -25.73015
0.03177 0.99633 13.27563
0.27340 -0.16323 -17.49447
0.55159 -1.89854 -25.85083
-1.53005 1.45459 10.46663
-0.06988 -2.35469 -36.47041
-1.39001 -0.26137 -26.78788
-0.95088 0.51715 35.09377
-1.01464 -0.87958 -16.83149
-0.26758 0.41947 30.92659
0.51691 -0.85550 -37.31559
1.52672 0.12769 -14.14887
-0.48073 -1.91009 17.70723
0.41918 -0.53233 -2.41552
-0.91643 0.85509 -1.30196
0.56362 -0.24690 5.53104
-0.19293 0.46529 12.31021
0.29945 -0.08965 9.45971
-0.88317 -0.07816 -4.94092
-0.47660 0.66066 37.64395
1.11871 -0.04227 18.47489
1.34001 -0.48753 45.31894
0.58656 0.74994 -8.70374
1.37092 0.47028 21.89047
1.19171 1.22748 15.89443
0.28018 -1.09444 -14.63032
0.55109 0.73781 8.08807
1.72905 0.06692 35.32404
0.13497 0.51702 28.45977
0.33977 -1.65310 -36.54178
-1.10488 0.07515 -10.93488
-1.31469 -1.81153 -21.21503
1.46686 0.43092 19.46965
-0.36115 1.47761 23.40264
-1.03905 -0.20850 -32.45344
-0.02939 -1.21098 -17.40753
-0.66329 -0.64937 -37.04425
-1.49675 1.09787 15.91244
-1.52972 -0.51294 12.01126
0.67962 1.11438 26.62210
-0.34489 -0.45645 9.62079
-0.99781 1.03173 -21.66721
-1.31539 -1.99095 -4.66966
-0.53098 -0.41969 3.08225
0.58890 2.15563 55.47774
1.15227 0.89040 -15.25957
0.74670 -0.13932 -7.40138
-0.79803 -1.70497 19.13742
-1.31803 -1.18730 4.20532
-1.15390 -0.12194 -11.77036
0.64124 1.16954 -6.08588
0.71159 -0.68784 -48.85657
-1.31534 0.50753 1.54230
-2.21992 0.44458 -8.52176
-2.95332 -0.11851 -22.58328
-1.72611 -0.57643 7.37107
1.88220 0.47834 15.10908
0.17350 -0.44447 -24.47130
1.04736 -2.47069 -38.20659
-0.65224 0.21682 -1.16626
-1.18432 0.15393 -14.72860
0.75535 1.83657 -20.05436
1.30750 1.86163 17.56290
0.88097 0.10534 18.23978
-0.33035 -0.21771 10.78024
-1.94612 1.48026 45.24947
-0.33738 1.37617 4.70963
-1.26214 -1.03367 -40.09380
0.00089 0.08001 -0.51117
1.76048 -2.26521 -37.15671
-0.67580 -1.32681 -9.94682
0.99522 -1.09826 -44.33630
-0.53911 -0.48833 26.76058
1.49309 0.81821 -1.48693
-0.70207 -1.68294 3.53164
0.14385 -1.46641 8.03050
0.74848 2.50428 -8.16448
-1.06734 -1.61091 -51.61689
0.12045 0.02773 14.48729
0.52185 -0.67048 -58.48038
0.06748 0.83936 11.47212
-0.05421 -0.10961 15.55333
0.14789 -0.97073 -32.17803
-0.47830 -0.54400 -16.08790
-0.01433 -0.10979 7.34418
-1.98762 -0.00013 -14.65311
-0.61628 0.89125 17.79585
0.84887 -2.35920 -25.58933
0.05927 1.32948 37.99525
-0.93737 -0.90926 -0.34973
0.37924 -1.40490 -6.36426
-1.40337 0.08781 -27.45358
-0.59977 -1.25539 -8.25735
0.14863 0.53399 -8.20505
-1.18204 0.01920 11.54754
-0.57377 0.52563 -8.45136
0.70436 0.26333 12.97515
-1.64863 -1.34569 2.26258
1.41931 0.31092 1.82964
-0.21053 0.36204 -8.07538
-2.75448 1.25934 10.34428
-1.31508 -0.41377 -24.15447
1.07131 -0.39683 -31.58360
-0.22356 0.89130 43.18641
-1.71831 0.20241 32.00022
0.25493 -1.20630 27.92241
-1.68112 0.37693 1.93471
0.85131 1.56251 -11.98497
0.10583 0.44985 15.66720
1.04069 -1.14460 -25.04528
0.21003 -0.70535 -1.38025
0.32732 0.73606 -2.20517
-0.24439 2.06595 5.18044
-0.69165 0.93795 -19.48430
-0.42280 0.53888 16.04251
-1.29811 3.07657 41.96976
0.82867 -0.35766 7.22107
0.15403 0.35127 -4.06259
2.60090 0.18851 -26.86226
1.30517 0.77518 8.00138
0.75817 0.42983 -2.84809
-0.03548 0.13944 12.90225
-0.36805 -0.37401 -15.55259
0.31984 -1.49014 18.51394
-0.28921 -0.99645 -30.35846
1.52508 -0.09469 -11.73343
1.09990 0.06386 -15.18927
0.50879 -2.27822 -42.41170
0.59313 -1.36308 -22.31976
0.69142 0.42850 21.79706
0.59299 0.38582 -5.44600
-0.36404 1.69851 32.27061
-0.28689 -1.11021 -5.65949
-1.54794 0.87587 23.75998
0.20880 0.91255 9.37599
0.12007 -0.22257 6.38213
0.42011 0.70160 5.55627
1.04855 1.50462 13.21590
-0.54294 1.55564 -12.51865
0.82934 -0.16289 -3.52736
1.52995 -0.23461 13.30082
0.37307 0.26418 19.14066
0.17286 -2.15443 -9.27883
0.43368 0.65954 -32.71855
0.92478 -0.80449 -15.38186
-0.40921 -0.23670 -25.46096
0.16813 0.26259 -3.31442
-1.06285 0.20760 -2.50075
0.38698 0.58772 -6.36875
0.30201 0.87471 21.12444
0.69241 1.75036 16.47015
-1.37897 0.25667 -9.76277
-1.19208 0.53725 13.62495
-0.94493 -0.09168 -22.37292
-1.30522 -1.50087 6.71018
-1.99826 0.03359 -38.04051
-0.35485 -0.90734 -5.87602
0.20350 -0.61815 -7.36654
-0.39906 0.77089 21.22945
-0.42514 1.65310 -16.41696
-0.98539 -0.29070 11.68004
-1.34677 1.24316 5.86416
1.03625 -1.13872 -1.50650
0.54424 0.47177 -35.92818
-0.45088 0.97435 11.71592
-0.97029 -1.27369 16.77804
0.48340 0.23387 13.04872
-0.00290 -0.67481 12.08026
0.11182 0.05376 23.26885
-0.39426 0.80494 22.60427
-0.09363 -0.29028 -19.49876
-0.35567 -0.59068 -9.25978
0.72273 0.24857 -17.30429
1.36247 -0.18804 -17.52078
-0.33756 1.14862 -33.17735
0.41144 -0.15519 -13.60943
0.26248 -0.88179 -3.34334
1.33435 -1.51231 -8.34054
-0.27503 0.53450 13.06725
-0.26011 -1.89807 -19.54409
-0.43919 -1.13828 -76.79771
0.65412 0.85873 23.78132
0.30565 -0.17991 -18.04676
-0.28214 1.57842 -12.60931
0.64660 0.11895 -6.08862
-0.83899 -2.54148 -23.16253
-1.48444 -0.20246 -12.29285
-0.68783 0.33050 -3.70721
0.26809 -1.50429 5.60981
0.99097 1.10068 21.32257
1.27590 0.19582 26.56272
0.71113 0.50119 -37.99338
-1.97213 0.52738 14.57247
-1.48180 -1.10649 2.84715
-1.19780 -0.15091 8.96633
0.23536 -0.75835 -21.46207
-0.58508 -0.29014 -0.15360
0.22664 1.28964 10.13558
0.88208 -1.63495 -21.75679
0.39587 1.19146 10.32261
-0.95318 1.02674 6.25426
-0.21028 1.18948 15.69739
-0.48547 -0.61229 -29.63114
-1.28028 -0.78641 -53.99905
-0.49165 -0.50306 18.92922
0.90337 0.36636 -3.69397
-1.83319 0.38035 41.70001
-0.10043 2.75976 24.70998
1.89234 -0.01743 -34.79349
-0.68708 -0.62515 -22.68477
0.97756 0.48855 35.68441
-1.42212 -0.44549 -8.77550
1.28119 0.81037 9.22569
-0.99861 -0.17854 -3.54509
0.27415 -1.83981 -3.98306
0.37044 -0.07114 6.96609
1.03452 -0.30604 -16.53248
-0.90076 -0.01796 16.01464
0.23018 2.31767 35.66666
-0.56877 0.45681 -18.49486
0.93628 -1.77594 -12.77182
0.03061 -0.93673 2.58315
-0.44282 -1.37496 16.43603
